time:2019-11-30 08:57:50
array:[[17.0, 17.5, 17.75, 18.0, 17.75, 17.75, 17.75, 18.0], [17.5, 17.5, 18.0, 17.5, 17.75, 17.5, 17.5, 17.5], [17.5, 17.75, 17.5, 18.0, 18.0, 17.25, 17.5, 17.0], [17.5, 18.0, 17.75, 17.5, 17.75, 17.75, 18.25, 17.75], [18.25, 17.75, 18.25, 18.25, 18.5, 18.25, 18.75, 18.0], [18.25, 18.75, 18.0, 18.5, 18.25, 18.5, 18.0, 18.5], [18.0, 18.0, 18.5, 18.25, 18.0, 18.5, 18.75, 17.75], [18.0, 17.75, 19.25, 18.5, 18.0, 17.75, 18.0, 18.5]]
variance:0.1885833740234375
average:17.95703125
first_average:18.13037109375
human:False

